+---------+---------+---------+---------+---------+---------+---------+---------+---------+---------+---------+
| N\Times |    1    |    2    |    3    |    4    |    5    |    6    |    7    |    8    |    9    |    10   |
+---------+---------+---------+---------+---------+---------+---------+---------+---------+---------+---------+
|   5.0   | 0.09679 |  0.1544 | 0.30084 | 0.20311 |  0.2896 |  0.3469 | 0.00731 |  0.0405 | 0.45547 | 0.26823 |
|   10.0  | 0.36185 | 0.19607 | 0.35904 | 0.13737 | 0.19681 | 0.13341 |  0.3208 | 0.09796 | 0.33547 | 0.19919 |
|   20.0  | 0.23806 | 0.25778 | 0.19498 | 0.15794 | 0.25143 | 0.26453 | 0.18389 | 0.44107 | 0.29429 | 0.13433 |
|   30.0  | 0.29421 | 0.17706 | 0.22807 | 0.20917 | 0.22836 | 0.27585 | 0.28663 | 0.15315 | 0.25247 | 0.21411 |
|   40.0  | 0.28709 | 0.33283 | 0.20582 | 0.33176 | 0.31011 | 0.33126 | 0.20355 | 0.17918 | 0.23639 | 0.20237 |
|   50.0  | 0.14031 | 0.28261 | 0.30909 | 0.25175 | 0.26761 | 0.17426 | 0.22292 | 0.22798 | 0.24386 | 0.28026 |
|   60.0  | 0.29585 | 0.24128 | 0.29866 | 0.24978 | 0.28749 | 0.26923 | 0.21579 | 0.25747 | 0.19713 | 0.29626 |
|   70.0  | 0.24714 | 0.26446 | 0.22234 | 0.20378 | 0.22026 | 0.25439 | 0.29218 | 0.26354 | 0.26099 | 0.22185 |
|   80.0  |  0.2708 | 0.22025 | 0.25461 | 0.25452 | 0.24488 | 0.25352 | 0.25775 | 0.26191 | 0.23957 | 0.21027 |
|  100.0  | 0.26608 | 0.25361 | 0.25051 | 0.22595 | 0.18768 | 0.24089 | 0.27593 | 0.23404 | 0.21985 | 0.27041 |
+---------+---------+---------+---------+---------+---------+---------+---------+---------+---------+---------+
+---------+---------+---------+---------+---------+---------+---------+---------+---------+---------+---------+
| N\Times |    11   |    12   |    13   |    14   |    15   |    16   |    17   |    18   |    19   |    20   |
+---------+---------+---------+---------+---------+---------+---------+---------+---------+---------+---------+
|   5.0   | 0.25391 | 0.36719 | 0.17146 | 0.06521 |  0.1958 | 0.21803 | 0.28107 | 0.26535 | 0.44212 | 0.11493 |
|   10.0  | 0.21591 | 0.30883 | 0.19215 | 0.27571 | 0.25378 | 0.23185 | 0.29834 | 0.22081 | 0.31331 | 0.10799 |
|   20.0  | 0.20987 | 0.25296 | 0.33182 | 0.15098 | 0.23834 | 0.22757 | 0.25481 | 0.27473 | 0.15258 | 0.15711 |
|   30.0  | 0.16722 | 0.22642 | 0.21642 | 0.33365 | 0.22861 | 0.19636 | 0.23533 |  0.2739 | 0.25727 | 0.19452 |
|   40.0  | 0.17462 |  0.248  | 0.20455 | 0.20574 | 0.24244 | 0.23522 | 0.22618 | 0.26087 |  0.2491 | 0.23618 |
|   50.0  | 0.25352 | 0.26118 | 0.22967 | 0.33289 | 0.20022 | 0.28197 | 0.27383 |  0.1993 | 0.23473 | 0.29424 |
|   60.0  | 0.25145 | 0.25884 | 0.28578 | 0.27713 | 0.35682 | 0.25372 | 0.18336 | 0.24821 | 0.22308 | 0.25782 |
|   70.0  | 0.22876 | 0.22521 | 0.23207 | 0.26074 | 0.23718 | 0.22645 | 0.24324 | 0.27156 | 0.25796 |  0.2611 |
|   80.0  | 0.23535 | 0.23595 | 0.21352 | 0.21949 |  0.2898 |  0.2293 | 0.22813 | 0.20097 | 0.24655 | 0.26636 |
|  100.0  | 0.25229 | 0.21402 | 0.26322 | 0.24186 | 0.25535 | 0.22162 | 0.28929 | 0.26893 | 0.29598 | 0.24743 |
+---------+---------+---------+---------+---------+---------+---------+---------+---------+---------+---------+
+---------+---------+---------+---------+---------+---------+---------+---------+---------+---------+---------+
| N\Times |    21   |    22   |    23   |    24   |    25   |    26   |    27   |    28   |    29   |    30   |
+---------+---------+---------+---------+---------+---------+---------+---------+---------+---------+---------+
|   5.0   | 0.37576 | 0.28665 | 0.42666 | 0.04394 |  0.0328 | 0.06525 | 0.22839 | 0.12223 | 0.36791 | 0.07432 |
|   10.0  | 0.24789 | 0.02677 | 0.20753 | 0.25137 | 0.12985 | 0.06829 | 0.16821 |  0.1297 | 0.23038 | 0.35289 |
|   20.0  | 0.25871 |  0.3183 |  0.2387 | 0.26624 | 0.15528 | 0.19745 | 0.14429 | 0.25183 |  0.2406 | 0.30016 |
|   30.0  | 0.22571 | 0.20015 | 0.28682 |  0.1732 | 0.24263 | 0.26408 | 0.24849 | 0.20022 | 0.15687 | 0.21191 |
|   40.0  | 0.32445 | 0.27524 | 0.26147 | 0.31442 | 0.21584 | 0.33969 | 0.29877 | 0.28818 | 0.27647 | 0.18098 |
|   50.0  | 0.24806 |  0.2485 | 0.24509 | 0.20886 | 0.23761 | 0.25747 | 0.31577 | 0.21254 | 0.27913 | 0.33306 |
|   60.0  | 0.27285 | 0.18638 | 0.27853 | 0.27748 | 0.27461 |  0.2531 | 0.26024 | 0.26435 | 0.26728 | 0.23999 |
|   70.0  |  0.1862 | 0.27712 | 0.23447 | 0.19731 | 0.24866 |  0.2428 | 0.20077 | 0.22595 |  0.2398 | 0.27982 |
|   80.0  | 0.21391 |  0.2442 | 0.23087 |  0.202  | 0.22317 | 0.21202 | 0.21927 | 0.26157 | 0.26551 | 0.33978 |
|  100.0  | 0.25632 |  0.2645 | 0.23283 | 0.24851 | 0.27495 | 0.23294 | 0.24039 | 0.23771 | 0.29189 | 0.21491 |
+---------+---------+---------+---------+---------+---------+---------+---------+---------+---------+---------+
+---------+---------+---------+---------+---------+---------+---------+---------+---------+---------+---------+
| N\Times |    31   |    32   |    33   |    34   |    35   |    36   |    37   |    38   |    39   |    40   |
+---------+---------+---------+---------+---------+---------+---------+---------+---------+---------+---------+
|   5.0   | 0.33811 | 0.29135 | 0.15149 | 0.26296 | 0.28781 | 0.27283 | 0.22062 | 0.25025 | 0.51587 | 0.32257 |
|   10.0  | 0.27658 | 0.28475 | 0.10203 | 0.20023 | 0.22525 | 0.19623 | 0.24191 | 0.25491 | 0.13812 | 0.24849 |
|   20.0  |  0.2388 | 0.28443 | 0.18461 | 0.15145 | 0.24937 | 0.28166 | 0.25968 | 0.22608 | 0.28191 | 0.25116 |
|   30.0  | 0.20407 | 0.27055 | 0.21736 | 0.32511 | 0.20479 | 0.22883 | 0.35013 | 0.23045 | 0.32037 | 0.20378 |
|   40.0  | 0.22094 | 0.24578 | 0.28904 | 0.32324 | 0.19946 | 0.29326 | 0.18541 | 0.37369 | 0.31008 | 0.23702 |
|   50.0  | 0.26466 | 0.28558 | 0.25911 | 0.30754 | 0.28598 | 0.19042 |  0.2751 | 0.30921 | 0.31719 | 0.30237 |
|   60.0  | 0.26667 | 0.24466 | 0.21343 | 0.24374 | 0.26991 | 0.26633 | 0.27058 | 0.21562 | 0.18488 | 0.25699 |
|   70.0  | 0.25875 | 0.23429 | 0.30635 | 0.27623 | 0.20747 | 0.24933 | 0.21733 | 0.25918 | 0.24709 |  0.2578 |
|   80.0  | 0.25854 | 0.28765 | 0.26692 |  0.2406 | 0.27791 | 0.22781 | 0.29229 | 0.27671 |  0.1817 | 0.29316 |
|  100.0  | 0.21161 | 0.25794 |  0.2518 | 0.22885 | 0.24346 | 0.23008 | 0.28234 | 0.26138 | 0.28451 | 0.28181 |
+---------+---------+---------+---------+---------+---------+---------+---------+---------+---------+---------+
+---------+---------+---------+---------+---------+---------+---------+---------+---------+---------+---------+
| N\Times |    41   |    42   |    43   |    44   |    45   |    46   |    47   |    48   |    49   |    50   |
+---------+---------+---------+---------+---------+---------+---------+---------+---------+---------+---------+
|   5.0   | 0.19072 | 0.25359 | 0.18829 | 0.32985 |  0.1166 | 0.28063 | 0.19162 | 0.16421 | 0.16209 |  0.3229 |
|   10.0  | 0.25616 |  0.2663 | 0.28404 | 0.33522 | 0.29013 |  0.3352 | 0.24462 | 0.25525 | 0.23861 | 0.15585 |
|   20.0  |  0.2591 | 0.22848 | 0.34512 | 0.32026 | 0.25927 | 0.29958 | 0.16263 | 0.34682 | 0.30186 |  0.1996 |
|   30.0  |  0.1654 | 0.29379 | 0.22976 | 0.31049 | 0.30238 | 0.30518 | 0.28968 | 0.22269 | 0.23824 |  0.1999 |
|   40.0  | 0.19171 | 0.20256 | 0.32885 | 0.27618 |  0.2413 | 0.31313 | 0.20524 |  0.3532 | 0.21013 |  0.2016 |
|   50.0  |  0.2448 | 0.21729 | 0.21505 | 0.26242 | 0.27119 | 0.23405 | 0.29333 | 0.34505 | 0.24637 | 0.23658 |
|   60.0  | 0.26594 |  0.2536 |  0.2425 | 0.27698 | 0.28075 | 0.32094 | 0.23009 | 0.21097 | 0.21366 |  0.2672 |
|   70.0  | 0.19348 |  0.2811 | 0.27249 | 0.21471 | 0.24669 |  0.2323 | 0.26229 | 0.26169 | 0.25317 | 0.24194 |
|   80.0  | 0.26357 |  0.236  | 0.28686 | 0.25491 | 0.29189 | 0.25408 | 0.18136 | 0.24972 | 0.20309 | 0.26787 |
|  100.0  | 0.25267 | 0.21949 | 0.22885 | 0.25992 | 0.20382 | 0.22294 | 0.25973 | 0.22307 | 0.23854 | 0.26561 |
+---------+---------+---------+---------+---------+---------+---------+---------+---------+---------+---------+
+---------+---------+---------+---------+---------+---------+---------+---------+---------+---------+---------+
| N\Times |    51   |    52   |    53   |    54   |    55   |    56   |    57   |    58   |    59   |    60   |
+---------+---------+---------+---------+---------+---------+---------+---------+---------+---------+---------+
|   5.0   | 0.27021 | 0.19531 | 0.25333 | 0.18356 | 0.04178 | 0.33876 |  0.1335 | 0.11376 | 0.13406 | 0.14879 |
|   10.0  | 0.08578 | 0.20951 | 0.27561 | 0.18665 | 0.33575 | 0.20554 | 0.24075 | 0.24545 | 0.16317 | 0.22532 |
|   20.0  | 0.22509 | 0.22027 | 0.19955 | 0.25193 | 0.20834 | 0.19338 | 0.27338 | 0.32247 | 0.21235 | 0.33075 |
|   30.0  | 0.23795 |  0.2516 | 0.24441 |  0.2323 |  0.2208 | 0.22387 | 0.31437 |  0.331  | 0.17262 | 0.24196 |
|   40.0  | 0.27976 | 0.19035 | 0.23034 | 0.31498 | 0.24666 | 0.20791 | 0.26026 | 0.13122 | 0.27125 | 0.22006 |
|   50.0  | 0.23218 | 0.25664 | 0.23189 | 0.33375 |  0.2153 | 0.24901 | 0.23466 |  0.2004 | 0.22897 | 0.25245 |
|   60.0  |  0.2625 | 0.24049 | 0.27497 | 0.23955 | 0.24194 | 0.18214 | 0.27726 | 0.20724 | 0.28174 | 0.27674 |
|   70.0  | 0.25229 | 0.23686 | 0.21698 | 0.28423 | 0.26253 |  0.2742 | 0.24927 | 0.27677 |  0.2819 | 0.29473 |
|   80.0  | 0.25956 | 0.26216 | 0.23478 | 0.21435 | 0.27184 | 0.25119 | 0.25206 | 0.27242 | 0.24996 | 0.20854 |
|  100.0  | 0.24409 |  0.212  | 0.27586 | 0.26767 | 0.28351 | 0.20279 | 0.27855 | 0.23746 | 0.24594 | 0.20547 |
+---------+---------+---------+---------+---------+---------+---------+---------+---------+---------+---------+
+---------+---------+---------+---------+---------+---------+---------+---------+---------+---------+---------+
| N\Times |    61   |    62   |    63   |    64   |    65   |    66   |    67   |    68   |    69   |    70   |
+---------+---------+---------+---------+---------+---------+---------+---------+---------+---------+---------+
|   5.0   | 0.06077 | 0.17422 | 0.16696 | 0.10947 | 0.35772 | 0.08681 |  0.4958 | 0.19127 | 0.21686 |  0.2255 |
|   10.0  | 0.23407 | 0.16914 | 0.22713 | 0.35621 | 0.16178 | 0.41664 | 0.19113 |  0.2156 | 0.29717 | 0.33247 |
|   20.0  |  0.1742 | 0.29018 | 0.20767 |  0.1932 | 0.24271 | 0.26686 | 0.25678 | 0.33323 | 0.18261 | 0.19007 |
|   30.0  | 0.22876 |  0.207  | 0.25078 | 0.23767 |  0.1589 | 0.27474 | 0.22616 | 0.23896 | 0.26088 | 0.21971 |
|   40.0  | 0.19998 | 0.33247 | 0.20128 | 0.21318 | 0.33009 | 0.19396 | 0.19755 | 0.24664 | 0.26132 | 0.20757 |
|   50.0  | 0.28003 | 0.20392 | 0.24416 | 0.27681 | 0.23747 | 0.22916 |  0.2082 | 0.26936 | 0.28377 | 0.24765 |
|   60.0  | 0.24546 | 0.26397 |  0.1694 | 0.22919 | 0.30974 | 0.21996 | 0.30135 | 0.17942 | 0.25639 | 0.24169 |
|   70.0  | 0.31296 | 0.30373 | 0.25255 |  0.2594 | 0.20671 | 0.27408 | 0.22224 | 0.31924 | 0.24673 | 0.21597 |
|   80.0  | 0.17724 | 0.26313 | 0.31513 | 0.31625 |  0.3022 | 0.27599 | 0.29645 | 0.29595 | 0.30177 | 0.25592 |
|  100.0  | 0.24785 | 0.22264 | 0.30234 | 0.26556 | 0.25047 | 0.22892 | 0.26496 | 0.29359 | 0.26225 | 0.23468 |
+---------+---------+---------+---------+---------+---------+---------+---------+---------+---------+---------+
+---------+---------+---------+---------+---------+---------+---------+---------+---------+---------+---------+
| N\Times |    71   |    72   |    73   |    74   |    75   |    76   |    77   |    78   |    79   |    80   |
+---------+---------+---------+---------+---------+---------+---------+---------+---------+---------+---------+
|   5.0   | 0.46524 | 0.26082 | 0.09562 | 0.06011 | 0.22983 | 0.39976 | 0.30458 | 0.13181 | 0.18388 | 0.25082 |
|   10.0  | 0.17284 | 0.20117 |  0.3119 | 0.30915 | 0.22881 | 0.35113 | 0.21611 | 0.13166 | 0.25941 | 0.40807 |
|   20.0  | 0.19442 | 0.33427 | 0.26518 | 0.27009 | 0.42634 | 0.41446 | 0.30116 | 0.24349 |  0.2261 | 0.27423 |
|   30.0  |  0.2011 | 0.20876 |  0.2626 | 0.19334 | 0.22225 | 0.23346 |  0.2429 | 0.24898 | 0.27363 | 0.20823 |
|   40.0  |  0.2311 | 0.34546 | 0.25111 | 0.24477 | 0.29111 | 0.25195 | 0.27549 | 0.24954 | 0.21513 | 0.24344 |
|   50.0  | 0.23163 |  0.2508 | 0.26653 | 0.20321 | 0.31153 | 0.17853 | 0.27125 | 0.21135 | 0.29256 |  0.2654 |
|   60.0  | 0.21494 | 0.27849 |  0.2021 | 0.22757 | 0.25238 | 0.16156 | 0.21941 | 0.24322 | 0.28535 | 0.23635 |
|   70.0  | 0.27855 | 0.22575 | 0.23314 | 0.22183 | 0.23489 | 0.18998 | 0.33158 | 0.25334 | 0.28715 | 0.28165 |
|   80.0  | 0.23626 | 0.29525 | 0.30193 | 0.23072 | 0.23674 | 0.32832 | 0.23382 | 0.25863 | 0.27138 | 0.19795 |
|  100.0  | 0.26369 | 0.32682 | 0.30756 | 0.24321 | 0.26807 | 0.23514 | 0.19329 |  0.2767 | 0.25295 | 0.25559 |
+---------+---------+---------+---------+---------+---------+---------+---------+---------+---------+---------+
+---------+---------+---------+---------+---------+---------+---------+---------+---------+---------+---------+
| N\Times |    81   |    82   |    83   |    84   |    85   |    86   |    87   |    88   |    89   |    90   |
+---------+---------+---------+---------+---------+---------+---------+---------+---------+---------+---------+
|   5.0   | 0.23511 | 0.63382 | 0.30163 | 0.27145 | 0.33483 | 0.29068 | 0.31205 | 0.14248 | 0.22591 | 0.13192 |
|   10.0  | 0.29268 | 0.26947 | 0.35273 | 0.15656 |  0.2808 | 0.23345 | 0.19294 | 0.32046 | 0.24477 | 0.24394 |
|   20.0  |  0.2649 | 0.32829 | 0.25628 | 0.13416 | 0.29653 | 0.17345 |  0.301  | 0.24853 | 0.12218 | 0.29888 |
|   30.0  | 0.29328 | 0.26628 | 0.26931 | 0.20818 | 0.20802 | 0.26592 | 0.26207 | 0.23439 | 0.24637 | 0.20254 |
|   40.0  | 0.27224 | 0.21554 |  0.1586 | 0.21342 | 0.32507 | 0.20538 | 0.18645 | 0.29231 | 0.25991 | 0.27705 |
|   50.0  | 0.22651 | 0.22816 | 0.24038 | 0.23038 | 0.28705 |  0.2296 | 0.30208 | 0.25716 | 0.26195 | 0.23077 |
|   60.0  | 0.25489 | 0.19356 | 0.22501 | 0.27224 | 0.31211 | 0.29716 | 0.26032 | 0.28369 | 0.21007 | 0.33378 |
|   70.0  | 0.18278 | 0.25305 | 0.26419 | 0.25636 | 0.18658 | 0.22269 | 0.24625 | 0.23036 | 0.20509 | 0.28054 |
|   80.0  |  0.2736 | 0.22592 | 0.24351 | 0.25999 | 0.23762 | 0.28325 | 0.22466 | 0.26881 | 0.28398 | 0.26469 |
|  100.0  |  0.2292 | 0.22844 | 0.23095 | 0.26149 | 0.29552 | 0.24155 | 0.23722 | 0.27286 | 0.25133 | 0.19801 |
+---------+---------+---------+---------+---------+---------+---------+---------+---------+---------+---------+
+---------+---------+---------+---------+---------+---------+---------+---------+---------+---------+---------+
| N\Times |    91   |    92   |    93   |    94   |    95   |    96   |    97   |    98   |    99   |   100   |
+---------+---------+---------+---------+---------+---------+---------+---------+---------+---------+---------+
|   5.0   | 0.06806 | 0.44592 | 0.41001 | 0.15409 | 0.21887 |  9e-05  | 0.18994 | 0.39973 | 0.18855 | 0.09651 |
|   10.0  | 0.19207 | 0.23591 | 0.19644 | 0.44662 | 0.10864 | 0.28391 | 0.34642 |  0.2322 | 0.35164 |  0.1705 |
|   20.0  | 0.16664 | 0.19254 | 0.20003 | 0.21201 | 0.20014 | 0.18256 | 0.21404 | 0.20043 | 0.29808 | 0.23127 |
|   30.0  | 0.22289 | 0.26233 | 0.29315 | 0.23406 | 0.27225 | 0.29127 | 0.24693 | 0.17135 | 0.13765 | 0.18721 |
|   40.0  | 0.33129 | 0.23068 | 0.25797 | 0.26785 | 0.21751 | 0.24551 | 0.22702 | 0.30226 |  0.1966 |  0.2456 |
|   50.0  | 0.29751 | 0.32703 | 0.20611 | 0.27348 |  0.1994 | 0.28047 |  0.2896 | 0.20805 | 0.23767 | 0.21903 |
|   60.0  | 0.21918 | 0.15745 | 0.22815 | 0.24201 |  0.2485 | 0.22034 | 0.24098 | 0.24255 | 0.30854 | 0.24053 |
|   70.0  | 0.26148 | 0.27497 | 0.26839 | 0.24709 | 0.27284 | 0.19374 | 0.22679 | 0.27627 | 0.20358 | 0.27468 |
|   80.0  | 0.25249 | 0.23983 | 0.22669 | 0.19702 | 0.23014 | 0.24503 | 0.27669 | 0.26209 | 0.28405 | 0.19101 |
|  100.0  | 0.27304 | 0.27937 | 0.22242 | 0.23368 | 0.27092 | 0.27454 | 0.23199 | 0.26031 |  0.2234 | 0.21944 |
+---------+---------+---------+---------+---------+---------+---------+---------+---------+---------+---------+
+---------+---------+----------+
| N\Times |   Mean  | Variance |
+---------+---------+----------+
|    5    | 0.23009 | 0.01506  |
|    10   | 0.23917 | 0.00628  |
|    20   | 0.24419 |  0.0039  |
|    30   | 0.23817 | 0.00187  |
|    40   | 0.25145 | 0.00252  |
|    50   | 0.25343 | 0.00151  |
|    60   | 0.24989 | 0.00137  |
|    70   | 0.24811 | 0.00095  |
|    80   | 0.25177 | 0.00108  |
|   100   | 0.24964 | 0.00071  |
+---------+---------+----------+