+---------+---------+---------+---------+---------+-------+-------+---------+--------+--------+---------+
| N\Times |    1    |    2    |    3    |    4    |   5   |   6   |    7    |   8    |   9    |    10   |
+---------+---------+---------+---------+---------+-------+-------+---------+--------+--------+---------+
|   20.0  |   0.85  |   0.7   |   0.7   |   0.8   |  0.75 |  0.85 |   0.85  |  0.75  |  0.65  |   0.85  |
|   50.0  |   0.76  |   0.88  |   0.78  |   0.88  |  0.86 |  0.82 |   0.76  |  0.8   |  0.8   |   0.88  |
|  100.0  |   0.78  |   0.83  |   0.73  |   0.84  |  0.84 |  0.76 |   0.83  |  0.82  |  0.81  |   0.77  |
|  200.0  |  0.785  |  0.815  |   0.82  |   0.75  |  0.77 | 0.815 |   0.81  |  0.76  | 0.775  |   0.79  |
|  300.0  | 0.78667 | 0.78333 | 0.80333 | 0.76333 |  0.82 |  0.8  | 0.81333 |  0.79  |  0.75  | 0.79667 |
|  500.0  |  0.788  |  0.818  |   0.8   |  0.756  | 0.792 |  0.79 |   0.74  | 0.822  | 0.794  |  0.774  |
|  1000.0 |   0.81  |  0.775  |  0.788  |  0.776  | 0.778 | 0.794 |  0.759  | 0.787  | 0.776  |  0.781  |
|  5000.0 |  0.7804 |  0.7742 |  0.7904 |  0.7798 | 0.787 | 0.781 |  0.7906 | 0.7782 | 0.7854 |  0.7852 |
+---------+---------+---------+---------+---------+-------+-------+---------+--------+--------+---------+
+---------+--------+---------+---------+---------+---------+---------+--------+-------+---------+---------+
| N\Times |   11   |    12   |    13   |    14   |    15   |    16   |   17   |   18  |    19   |    20   |
+---------+--------+---------+---------+---------+---------+---------+--------+-------+---------+---------+
|   20.0  |  0.65  |   0.9   |   0.7   |   0.7   |   0.7   |   0.9   |  0.85  |  0.75 |   0.85  |   0.9   |
|   50.0  |  0.88  |   0.8   |   0.84  |   0.86  |   0.76  |   0.8   |  0.78  |  0.7  |   0.82  |   0.82  |
|  100.0  |  0.8   |   0.78  |   0.8   |   0.83  |   0.86  |   0.77  |  0.73  |  0.8  |   0.81  |   0.9   |
|  200.0  |  0.8   |  0.745  |   0.76  |  0.835  |  0.785  |  0.795  |  0.78  |  0.78 |  0.785  |  0.785  |
|  300.0  |  0.81  | 0.77333 | 0.77333 | 0.75333 | 0.74667 | 0.76333 |  0.85  |  0.77 | 0.81333 | 0.77333 |
|  500.0  | 0.774  |   0.79  |  0.792  |  0.784  |  0.792  |  0.766  |  0.82  |  0.8  |  0.748  |  0.794  |
|  1000.0 |  0.78  |  0.755  |  0.786  |  0.787  |  0.795  |  0.795  |  0.8   | 0.796 |  0.796  |   0.77  |
|  5000.0 | 0.7952 |  0.791  |  0.7966 |  0.7844 |  0.783  |  0.7842 | 0.7822 | 0.786 |  0.7828 |  0.7828 |
+---------+--------+---------+---------+---------+---------+---------+--------+-------+---------+---------+
+---------+-------+---------+--------+---------+---------+---------+--------+---------+--------+-------+
| N\Times |   21  |    22   |   23   |    24   |    25   |    26   |   27   |    28   |   29   |   30  |
+---------+-------+---------+--------+---------+---------+---------+--------+---------+--------+-------+
|   20.0  |  0.85 |   0.75  |  0.75  |   0.8   |   0.9   |   0.7   |  0.9   |   0.75  |  0.8   |  0.85 |
|   50.0  |  0.74 |   0.78  |  0.82  |   0.8   |   0.82  |   0.64  |  0.82  |   0.8   |  0.76  |  0.72 |
|  100.0  |  0.71 |   0.79  |  0.81  |   0.86  |   0.76  |   0.8   |  0.72  |   0.82  |  0.76  |  0.78 |
|  200.0  |  0.76 |   0.79  | 0.785  |  0.755  |  0.775  |   0.83  | 0.835  |   0.8   |  0.79  | 0.745 |
|  300.0  |  0.79 | 0.79667 |  0.77  | 0.75667 | 0.76667 | 0.79333 |  0.78  | 0.79667 |  0.8   |  0.82 |
|  500.0  | 0.796 |  0.764  | 0.812  |  0.774  |  0.778  |  0.772  | 0.794  |  0.758  | 0.782  | 0.768 |
|  1000.0 | 0.773 |  0.771  |  0.8   |  0.776  |   0.79  |  0.759  | 0.806  |  0.775  | 0.795  | 0.789 |
|  5000.0 | 0.792 |  0.791  | 0.7858 |  0.782  |  0.783  |  0.7788 | 0.7874 |  0.7808 | 0.7888 | 0.802 |
+---------+-------+---------+--------+---------+---------+---------+--------+---------+--------+-------+
+---------+---------+---------+---------+---------+--------+---------+---------+---------+---------+---------+
| N\Times |    31   |    32   |    33   |    34   |   35   |    36   |    37   |    38   |    39   |    40   |
+---------+---------+---------+---------+---------+--------+---------+---------+---------+---------+---------+
|   20.0  |   0.8   |   0.6   |   0.95  |   0.8   |  0.7   |   0.9   |   0.85  |   0.8   |   0.8   |   0.6   |
|   50.0  |   0.72  |   0.78  |   0.86  |   0.76  |  0.76  |   0.78  |   0.76  |   0.8   |   0.84  |   0.68  |
|  100.0  |   0.85  |   0.73  |   0.83  |   0.86  |  0.73  |   0.88  |   0.72  |   0.75  |   0.75  |   0.8   |
|  200.0  |   0.82  |  0.765  |  0.745  |  0.815  | 0.785  |  0.815  |  0.805  |  0.805  |   0.78  |  0.805  |
|  300.0  | 0.80333 | 0.79333 | 0.79333 | 0.82667 |  0.8   | 0.77667 | 0.78333 | 0.79667 | 0.77667 | 0.77667 |
|  500.0  |  0.774  |  0.804  |  0.776  |  0.792  | 0.776  |  0.792  |  0.778  |  0.788  |   0.8   |  0.772  |
|  1000.0 |  0.788  |  0.812  |  0.794  |  0.811  | 0.779  |  0.778  |  0.774  |  0.785  |  0.801  |  0.809  |
|  5000.0 |  0.7858 |  0.779  |  0.7816 |   0.79  | 0.7894 |  0.7834 |  0.791  |  0.7898 |  0.7898 |  0.7906 |
+---------+---------+---------+---------+---------+--------+---------+---------+---------+---------+---------+
+---------+-------+--------+---------+---------+-------+---------+--------+---------+---------+---------+
| N\Times |   41  |   42   |    43   |    44   |   45  |    46   |   47   |    48   |    49   |    50   |
+---------+-------+--------+---------+---------+-------+---------+--------+---------+---------+---------+
|   20.0  |  0.75 |  0.8   |   0.8   |   0.85  |  0.75 |   0.75  |  0.85  |   0.55  |   0.9   |   0.65  |
|   50.0  |  0.74 |  0.74  |   0.78  |   0.84  |  0.74 |   0.82  |  0.74  |   0.86  |   0.72  |   0.8   |
|  100.0  |  0.73 |  0.77  |   0.82  |   0.8   |  0.79 |   0.76  |  0.8   |   0.85  |   0.79  |   0.77  |
|  200.0  |  0.74 | 0.725  |   0.76  |  0.775  |  0.75 |   0.75  |  0.78  |  0.805  |  0.755  |  0.725  |
|  300.0  |  0.78 |  0.78  | 0.78333 | 0.79667 |  0.78 | 0.77667 |  0.79  | 0.79333 | 0.83667 | 0.75667 |
|  500.0  | 0.808 | 0.812  |  0.758  |  0.796  | 0.776 |  0.782  | 0.778  |  0.778  |  0.782  |   0.78  |
|  1000.0 | 0.795 | 0.777  |  0.788  |  0.772  | 0.773 |   0.8   | 0.783  |  0.783  |  0.805  |  0.785  |
|  5000.0 | 0.795 | 0.7918 |  0.789  |  0.7854 | 0.789 |  0.7806 | 0.7776 |  0.787  |  0.7896 |  0.7804 |
+---------+-------+--------+---------+---------+-------+---------+--------+---------+---------+---------+
+---------+---------+---------+---------+---------+--------+--------+---------+---------+---------+---------+
| N\Times |    51   |    52   |    53   |    54   |   55   |   56   |    57   |    58   |    59   |    60   |
+---------+---------+---------+---------+---------+--------+--------+---------+---------+---------+---------+
|   20.0  |   0.85  |   0.8   |   0.75  |   0.8   |  0.85  |  0.8   |   0.5   |   0.7   |   0.8   |   0.8   |
|   50.0  |   0.84  |   0.84  |   0.8   |   0.86  |  0.74  |  0.74  |   0.78  |   0.76  |   0.7   |   0.86  |
|  100.0  |   0.81  |   0.75  |   0.82  |   0.84  |  0.73  |  0.76  |   0.79  |   0.78  |   0.75  |   0.8   |
|  200.0  |   0.8   |  0.775  |  0.785  |   0.82  | 0.725  | 0.785  |   0.77  |   0.82  |  0.765  |   0.79  |
|  300.0  | 0.73667 | 0.77333 | 0.81333 | 0.78333 |  0.81  |  0.73  | 0.78667 | 0.79667 | 0.79667 | 0.79667 |
|  500.0  |  0.768  |   0.78  |  0.804  |  0.778  | 0.814  |  0.79  |  0.744  |  0.772  |  0.766  |  0.786  |
|  1000.0 |  0.775  |  0.799  |  0.786  |  0.781  | 0.799  | 0.789  |  0.794  |  0.792  |  0.789  |  0.794  |
|  5000.0 |  0.7914 |  0.7734 |  0.792  |  0.7758 | 0.7806 | 0.7858 |  0.7978 |  0.7874 |  0.7828 |  0.7852 |
+---------+---------+---------+---------+---------+--------+--------+---------+---------+---------+---------+
+---------+---------+---------+--------+---------+---------+--------+---------+---------+--------+--------+
| N\Times |    61   |    62   |   63   |    64   |    65   |   66   |    67   |    68   |   69   |   70   |
+---------+---------+---------+--------+---------+---------+--------+---------+---------+--------+--------+
|   20.0  |   0.55  |   0.75  |  0.85  |   0.7   |   0.8   |  0.8   |   0.85  |   0.85  |  0.85  |  0.8   |
|   50.0  |   0.8   |   0.84  |  0.8   |   0.72  |   0.76  |  0.7   |   0.76  |   0.68  |  0.8   |  0.82  |
|  100.0  |   0.82  |   0.75  |  0.82  |   0.76  |   0.88  |  0.79  |   0.69  |   0.79  |  0.69  |  0.81  |
|  200.0  |  0.795  |   0.79  |  0.84  |  0.775  |   0.82  | 0.835  |  0.805  |   0.79  | 0.785  |  0.82  |
|  300.0  | 0.80667 | 0.80667 |  0.75  | 0.79333 | 0.77667 |  0.79  | 0.80333 | 0.74667 |  0.83  |  0.8   |
|  500.0  |  0.808  |  0.794  | 0.768  |   0.78  |  0.812  | 0.798  |  0.762  |  0.804  | 0.788  | 0.762  |
|  1000.0 |  0.786  |  0.794  | 0.798  |  0.786  |  0.785  | 0.777  |  0.791  |  0.774  | 0.787  | 0.791  |
|  5000.0 |  0.7844 |  0.7902 | 0.7908 |  0.7792 |  0.7898 | 0.7886 |  0.7868 |  0.7824 | 0.7836 | 0.7952 |
+---------+---------+---------+--------+---------+---------+--------+---------+---------+--------+--------+
+---------+-------+---------+---------+---------+--------+--------+--------+---------+--------+---------+
| N\Times |   71  |    72   |    73   |    74   |   75   |   76   |   77   |    78   |   79   |    80   |
+---------+-------+---------+---------+---------+--------+--------+--------+---------+--------+---------+
|   20.0  |  0.7  |   0.85  |   0.85  |   0.8   |  0.7   |  0.75  |  0.9   |   0.85  |  0.95  |   0.7   |
|   50.0  |  0.88 |   0.7   |   0.82  |   0.8   |  0.8   |  0.82  |  0.74  |   0.74  |  0.8   |   0.66  |
|  100.0  |  0.88 |   0.68  |   0.82  |   0.86  |  0.81  |  0.83  |  0.79  |   0.74  |  0.78  |   0.76  |
|  200.0  |  0.78 |  0.795  |  0.755  |  0.735  |  0.84  |  0.75  | 0.755  |   0.81  | 0.785  |   0.78  |
|  300.0  |  0.79 | 0.76333 | 0.77333 | 0.78333 |  0.79  |  0.81  |  0.76  | 0.76667 |  0.74  | 0.82333 |
|  500.0  | 0.796 |  0.792  |  0.816  |  0.792  | 0.774  | 0.754  | 0.768  |  0.796  | 0.778  |  0.806  |
|  1000.0 | 0.777 |  0.773  |  0.807  |  0.792  | 0.814  | 0.759  | 0.798  |  0.786  | 0.804  |  0.798  |
|  5000.0 | 0.794 |  0.796  |  0.7834 |  0.7832 | 0.7784 | 0.7872 | 0.7882 |  0.7872 | 0.7832 |  0.778  |
+---------+-------+---------+---------+---------+--------+--------+--------+---------+--------+---------+
+---------+---------+---------+---------+--------+---------+---------+---------+--------+---------+---------+
| N\Times |    81   |    82   |    83   |   84   |    85   |    86   |    87   |   88   |    89   |    90   |
+---------+---------+---------+---------+--------+---------+---------+---------+--------+---------+---------+
|   20.0  |   0.8   |   0.85  |   0.85  |  0.8   |   0.85  |   0.8   |   0.75  |  0.8   |   0.75  |   0.9   |
|   50.0  |   0.66  |   0.76  |   0.82  |  0.72  |   0.92  |   0.76  |   0.78  |  0.8   |   0.86  |   0.8   |
|  100.0  |   0.83  |   0.77  |   0.79  |  0.83  |   0.79  |   0.77  |   0.73  |  0.82  |   0.74  |   0.76  |
|  200.0  |  0.785  |   0.79  |   0.83  | 0.805  |  0.815  |   0.76  |   0.77  |  0.79  |  0.745  |   0.77  |
|  300.0  | 0.81667 | 0.80667 | 0.80333 |  0.75  | 0.74667 | 0.78333 | 0.72667 |  0.76  | 0.78667 | 0.78667 |
|  500.0  |  0.774  |  0.814  |  0.762  | 0.782  |  0.772  |  0.774  |  0.792  | 0.764  |  0.796  |  0.784  |
|  1000.0 |  0.784  |  0.778  |  0.783  | 0.779  |   0.76  |  0.773  |  0.754  | 0.789  |  0.774  |  0.803  |
|  5000.0 |  0.7826 |  0.7858 |  0.7838 | 0.7894 |  0.7866 |  0.7858 |  0.7788 | 0.7996 |  0.7836 |  0.788  |
+---------+---------+---------+---------+--------+---------+---------+---------+--------+---------+---------+
+---------+---------+---------+--------+--------+---------+--------+---------+---------+---------+---------+
| N\Times |    91   |    92   |   93   |   94   |    95   |   96   |    97   |    98   |    99   |   100   |
+---------+---------+---------+--------+--------+---------+--------+---------+---------+---------+---------+
|   20.0  |   0.95  |   0.85  |  0.65  |  0.85  |   0.65  |  0.75  |   0.65  |   0.7   |   0.75  |   0.55  |
|   50.0  |   0.82  |   0.76  |  0.84  |  0.8   |   0.68  |  0.88  |   0.78  |   0.9   |   0.82  |   0.78  |
|  100.0  |   0.79  |   0.77  |  0.83  |  0.84  |   0.81  |  0.77  |   0.8   |   0.79  |   0.75  |   0.75  |
|  200.0  |  0.795  |   0.77  | 0.815  |  0.79  |  0.725  |  0.78  |   0.82  |  0.795  |   0.76  |   0.79  |
|  300.0  | 0.80667 | 0.77667 |  0.81  |  0.78  | 0.83333 |  0.75  | 0.79667 | 0.78333 | 0.78667 | 0.79333 |
|  500.0  |  0.802  |  0.806  | 0.784  | 0.788  |  0.808  | 0.788  |   0.78  |  0.792  |  0.792  |  0.826  |
|  1000.0 |  0.786  |  0.777  | 0.802  |  0.8   |   0.78  | 0.801  |  0.789  |  0.782  |   0.78  |  0.775  |
|  5000.0 |  0.7972 |  0.7846 | 0.7832 | 0.7826 |  0.7864 | 0.7868 |  0.7846 |  0.777  |   0.78  |  0.793  |
+---------+---------+---------+--------+--------+---------+--------+---------+---------+---------+---------+
+---------+---------+----------+
| N\Times |   Mean  | Variance |
+---------+---------+----------+
|    20   |  0.7815 | 0.00848  |
|    50   |  0.788  | 0.00327  |
|   100   |  0.7899 | 0.00197  |
|   200   | 0.78485 | 0.00077  |
|   300   | 0.78613 | 0.00056  |
|   500   | 0.78564 | 0.00031  |
|   1000  | 0.78634 | 0.00017  |
|   5000  | 0.78609 |  3e-05   |
+---------+---------+----------+