+---------+-----------+-----------+-----------+-----------+-----------+-----------+-----------+-----------+-----------+-----------+
| N\Times |     1     |     2     |     3     |     4     |     5     |     6     |     7     |     8     |     9     |     10    |
+---------+-----------+-----------+-----------+-----------+-----------+-----------+-----------+-----------+-----------+-----------+
|   10.0  |  30462.46 |  155168.3 | 188664.01 |  5969.63  |  86797.33 | 138380.74 |  10145.05 | 281619.38 |  260640.8 |  11385.99 |
|   20.0  | 121682.84 | 152050.73 |  29384.41 |  70435.42 |  88993.74 | 108378.48 | 155186.78 | 177283.85 |  36122.37 |  122183.5 |
|   30.0  |  92030.76 | 164379.77 | 136689.93 | 153578.73 |  93989.82 | 280631.99 | 121856.68 | 104661.04 |  78396.94 | 192873.31 |
|   40.0  |  50420.55 |  76782.3  |  76602.04 |  99078.43 |  51636.23 | 213636.05 |  70891.0  |  93725.61 | 195981.26 | 193376.59 |
|   50.0  | 108005.36 | 158441.17 | 158586.48 | 109478.41 | 145731.06 |  99330.32 |  81498.23 | 109628.38 |  72539.42 | 110316.76 |
|   60.0  | 130370.51 | 121093.54 |  83484.55 |  73183.46 |  99052.39 | 145269.22 |  70775.19 | 115357.78 |  124413.5 | 165368.23 |
|   70.0  | 153578.89 |  100938.3 |  48121.97 | 121091.28 |  90619.35 | 133297.97 |  75796.51 | 114307.43 |  44310.1  | 118773.57 |
|   80.0  | 117435.93 | 139109.59 | 129461.52 | 135640.44 | 121334.03 | 225840.58 |  150495.8 | 133711.69 | 119265.66 |  78427.42 |
|  100.0  |  96533.67 |  90242.3  |  90044.88 |  75071.38 |  132592.5 | 105506.83 |  119637.6 |  98691.38 | 126933.94 |  68104.85 |
|  200.0  |  98011.74 | 101172.43 | 102195.24 |  109884.5 | 100266.06 | 145987.71 |  88590.07 |  89325.81 | 121406.37 | 117862.59 |
|  500.0  | 106189.86 |  90758.07 | 119309.87 | 128775.05 | 112922.66 |  96440.88 | 130002.26 | 123546.39 | 112342.07 | 109539.48 |
+---------+-----------+-----------+-----------+-----------+-----------+-----------+-----------+-----------+-----------+-----------+
+---------+-----------+-----------+-----------+-----------+-----------+-----------+-----------+-----------+-----------+-----------+
| N\Times |     11    |     12    |     13    |     14    |     15    |     16    |     17    |     18    |     19    |     20    |
+---------+-----------+-----------+-----------+-----------+-----------+-----------+-----------+-----------+-----------+-----------+
|   10.0  | 330583.57 |  40296.16 | 178949.86 | 110591.11 | 119306.33 |  86858.8  |  11770.86 |  2669.04  |  67425.54 | 165614.83 |
|   20.0  |  82124.83 |  99836.05 |  71574.08 |  159027.5 | 160882.52 | 106358.41 |  40097.53 | 125051.81 |  17057.83 |  89844.12 |
|   30.0  |  27718.58 |  45464.58 | 138800.34 | 154535.55 |  38095.61 |  83651.84 |  74573.11 | 124608.62 |  51217.98 |  90468.67 |
|   40.0  | 138861.39 | 154225.33 |  69783.88 | 129541.46 |  96708.05 |  68933.22 |  79477.88 |  69843.97 |  91449.53 |  94106.38 |
|   50.0  |  94278.95 |  69480.69 | 131468.71 |  82321.37 |  87617.54 | 151498.88 |  108413.9 | 127266.85 | 104157.03 | 107098.16 |
|   60.0  | 171172.02 |  125608.6 | 122931.31 | 178899.07 | 152180.43 |  130991.0 |  74854.3  |  86724.1  | 157340.93 |  33134.03 |
|   70.0  |  126695.6 |  73323.43 | 168416.29 | 144963.81 |  52839.51 |  105261.6 |  88552.57 | 109759.94 | 143336.24 |  71381.22 |
|   80.0  |  85309.83 |  90623.4  | 138543.69 |  46045.03 |  63623.81 | 135057.82 |  113755.2 | 138507.21 |  94165.01 |  70461.82 |
|  100.0  | 137996.62 |  96303.4  |  98884.16 |  92058.06 |  149187.7 | 130305.46 |  83459.0  | 129295.12 | 104278.55 | 106984.63 |
|  200.0  |  101590.8 |  112941.3 | 130955.62 |  92913.48 | 126359.03 | 109624.35 |  78585.2  |  77344.69 | 139360.35 |  95627.14 |
|  500.0  | 117309.14 | 102518.56 | 118350.84 | 137095.88 | 129407.93 | 107512.86 | 109199.37 | 128409.23 | 109990.73 | 109422.52 |
+---------+-----------+-----------+-----------+-----------+-----------+-----------+-----------+-----------+-----------+-----------+
+---------+-----------+-----------+-----------+-----------+-----------+-----------+-----------+-----------+-----------+-----------+
| N\Times |     21    |     22    |     23    |     24    |     25    |     26    |     27    |     28    |     29    |     30    |
+---------+-----------+-----------+-----------+-----------+-----------+-----------+-----------+-----------+-----------+-----------+
|   10.0  |  55295.75 |  11390.33 |  40530.61 | 223011.51 |  20372.08 |  33980.92 |  47854.12 |  54865.01 | 234338.23 | 139727.18 |
|   20.0  |  58546.11 |  50792.42 |  94732.95 |  26275.24 |  92776.33 |  11956.67 | 133075.83 |  245466.2 |  98444.35 |  33637.64 |
|   30.0  | 121807.92 |  61638.51 |  53364.11 | 107521.37 |  78918.55 | 160908.07 |  87768.33 | 209743.39 |  33338.18 | 106742.64 |
|   40.0  | 148950.42 | 161501.99 | 119770.24 | 120958.99 |  36421.65 |  70681.9  |  82040.34 |  64750.21 | 189358.21 |  15094.69 |
|   50.0  |  100697.8 | 165823.48 | 108694.53 | 117221.59 | 144641.82 |  99012.71 |  91619.36 | 151013.83 |  54113.69 |  92173.94 |
|   60.0  | 114490.04 | 200029.98 |  52220.89 | 110271.37 |  75453.96 |  79051.35 | 176469.96 |  80018.94 |  94731.05 |  84869.23 |
|   70.0  | 125927.91 | 177250.89 |  95762.67 |  88531.11 | 137591.89 | 132012.69 |  83652.47 | 121560.28 |  72885.99 | 118113.88 |
|   80.0  |  82216.1  | 136703.73 |  79144.0  |  90548.59 |  90516.54 | 134438.89 | 134638.92 | 111992.53 | 120300.32 |  61491.6  |
|  100.0  | 116603.52 | 171486.34 | 136819.43 | 146663.51 |  102375.9 |  68224.43 |  133715.7 | 151323.23 | 175441.14 | 133512.66 |
|  200.0  |  151164.1 |  103489.5 | 103629.78 | 115487.01 | 112405.95 | 107481.85 | 124436.07 | 116351.89 |  57253.72 | 109107.21 |
|  500.0  | 105344.44 |  90673.45 | 106460.45 | 129468.78 |  103304.8 |  121628.7 | 110921.33 |  133978.0 | 123021.52 |  94737.98 |
+---------+-----------+-----------+-----------+-----------+-----------+-----------+-----------+-----------+-----------+-----------+
+---------+-----------+-----------+-----------+-----------+-----------+-----------+-----------+-----------+-----------+-----------+
| N\Times |     31    |     32    |     33    |     34    |     35    |     36    |     37    |     38    |     39    |     40    |
+---------+-----------+-----------+-----------+-----------+-----------+-----------+-----------+-----------+-----------+-----------+
|   10.0  |  16852.23 |  35190.22 |  32445.4  | 210681.89 |  111718.3 |  64735.62 |  61424.54 |  36284.07 | 309480.61 | 112186.68 |
|   20.0  |  39004.12 |  34107.54 | 112704.75 |  75127.55 |  97049.14 |  56801.73 |  63225.52 | 309822.88 | 209988.58 | 167092.66 |
|   30.0  |  81027.79 |  103066.2 | 181804.42 |  43669.45 |  76932.56 |  54928.79 |  44830.23 | 171901.57 | 227913.08 |  115826.6 |
|   40.0  | 104882.64 | 163834.85 | 154850.11 | 103509.78 |  153613.3 | 111086.26 | 128511.63 | 161958.55 | 119360.71 |  60066.85 |
|   50.0  | 121179.23 | 111840.08 |  89342.01 | 107563.76 | 127867.83 |  90721.93 | 125780.93 |  44233.74 |  90868.97 |  62243.76 |
|   60.0  |  98264.97 |  119342.4 |  74600.84 | 126954.85 |  38358.07 | 118295.14 |  77328.8  | 102653.88 |  147711.7 |  69411.38 |
|   70.0  | 122624.27 | 146951.05 | 121537.11 |  78402.46 |  99271.17 |  94592.17 |  76131.87 |  115925.6 | 106922.31 |  80269.79 |
|   80.0  | 110561.14 | 121290.63 |  42070.79 |  97241.88 | 163872.48 | 103454.04 | 131585.47 |  99438.37 | 134629.82 | 113046.57 |
|  100.0  | 117727.95 | 112857.25 |  82469.39 |  92638.97 | 100871.93 |  112926.6 |  74538.35 | 141462.46 |  83962.8  |  95030.31 |
|  200.0  | 102796.68 | 117543.51 |  86829.37 | 129407.17 | 117720.52 |  96140.93 |  48421.39 |  95323.24 | 118432.38 | 115483.01 |
|  500.0  | 117692.27 | 122404.85 | 102523.19 | 125470.28 |  81482.14 | 120291.82 | 109147.13 |  114177.4 | 119973.95 | 113172.27 |
+---------+-----------+-----------+-----------+-----------+-----------+-----------+-----------+-----------+-----------+-----------+
+---------+-----------+-----------+-----------+-----------+-----------+-----------+-----------+-----------+-----------+-----------+
| N\Times |     41    |     42    |     43    |     44    |     45    |     46    |     47    |     48    |     49    |     50    |
+---------+-----------+-----------+-----------+-----------+-----------+-----------+-----------+-----------+-----------+-----------+
|   10.0  |  55523.23 |  12892.03 |  118244.4 |  20197.71 | 152809.01 |  14582.89 |  64239.3  |  2604.68  | 133292.22 |  25923.83 |
|   20.0  | 167636.35 | 156502.05 | 100942.38 |  52024.31 | 133650.37 | 105079.39 |  36975.66 | 275187.56 |  37519.68 | 234235.21 |
|   30.0  |  78979.03 |  74350.93 |  62981.05 | 117076.86 |  56042.91 | 141801.75 |  83932.79 |  67797.09 | 110715.34 |  65585.22 |
|   40.0  |  67375.16 | 141150.52 | 198803.35 |  52137.51 | 160417.47 | 179156.69 |  75008.62 | 171311.52 |  42016.06 | 104527.52 |
|   50.0  | 107642.77 | 155343.22 | 100097.86 | 190443.04 | 158237.68 |  84040.41 | 116323.34 |  101671.3 |  101035.8 | 143634.62 |
|   60.0  | 110440.98 | 117696.26 | 135418.62 | 123640.81 |  110115.9 | 160275.56 | 102310.17 | 173354.69 | 157225.95 | 137545.25 |
|   70.0  | 122709.54 |  102213.1 |  33939.05 |  66328.59 |  59392.28 | 159530.46 |  82379.04 |  65705.16 | 172168.41 |  108621.9 |
|   80.0  |  78256.68 | 109555.03 | 136861.48 | 131256.67 | 104530.86 | 154953.49 |  162078.4 |  83723.61 | 110079.75 |  131144.1 |
|  100.0  | 142756.13 | 105163.34 |  99495.15 | 136852.06 | 117643.31 | 116023.85 | 140396.93 | 111858.89 | 107276.45 | 126086.41 |
|  200.0  | 117471.18 | 113675.25 |  92663.95 | 116712.48 | 115896.29 | 108041.47 |  83286.71 |  131947.3 | 127674.32 |  82465.71 |
|  500.0  | 131313.02 | 113133.51 | 105985.99 | 109705.78 |  97149.66 | 116190.58 | 105044.75 |  81983.73 | 108682.96 |  87015.3  |
+---------+-----------+-----------+-----------+-----------+-----------+-----------+-----------+-----------+-----------+-----------+
+---------+-----------+-----------+-----------+-----------+-----------+-----------+-----------+-----------+-----------+-----------+
| N\Times |     51    |     52    |     53    |     54    |     55    |     56    |     57    |     58    |     59    |     60    |
+---------+-----------+-----------+-----------+-----------+-----------+-----------+-----------+-----------+-----------+-----------+
|   10.0  |  254458.3 | 142282.91 |  168025.7 |  3282.39  | 164379.77 | 101408.08 |  54156.92 | 128909.59 |  11954.53 | 234254.88 |
|   20.0  |  88001.7  |  69218.66 |  98602.07 | 143053.06 | 104826.43 |  49947.41 | 194752.15 | 126507.51 | 197825.73 |  77885.35 |
|   30.0  | 146495.62 |  47664.68 | 244518.46 |  15739.87 | 188188.52 |  72016.88 |  143807.3 |  86359.73 |  33561.86 |  57829.45 |
|   40.0  | 149619.23 |  94298.5  | 176743.83 | 212299.56 |  90695.05 | 192757.13 |  87655.12 |  66118.12 | 120314.22 |  67397.01 |
|   50.0  |  152497.6 |  85501.6  | 180583.55 |  47281.95 |  74840.06 |  91477.7  | 141579.93 |  94666.37 |  91814.68 |  57030.32 |
|   60.0  | 105350.64 | 137738.76 |  121617.1 |  141205.6 | 136691.38 | 154109.48 | 117348.68 |  139674.5 |  99845.48 |  70951.21 |
|   70.0  |  95423.45 | 193311.75 |  71534.01 |  98279.56 | 143415.94 | 130608.32 | 104606.45 | 133335.73 | 113181.67 | 128395.31 |
|   80.0  | 167646.79 |  96075.66 | 164512.12 |  70258.09 | 152184.87 | 135747.61 | 189050.79 |  116172.4 |  89084.08 | 174693.92 |
|  100.0  | 105456.37 |  95052.95 | 141024.65 | 110167.32 | 137825.31 | 116214.68 |  118743.4 |  85057.99 |  81262.42 | 168919.43 |
|  200.0  |  98759.05 | 139236.08 | 124049.44 |  97944.43 | 107260.85 |  98080.04 |  126544.3 | 132672.03 |  93615.66 | 137567.24 |
|  500.0  |  97597.18 | 120599.71 | 125560.59 | 107026.88 | 120844.17 |  89936.0  | 125225.83 | 140364.82 | 119879.98 | 117266.05 |
+---------+-----------+-----------+-----------+-----------+-----------+-----------+-----------+-----------+-----------+-----------+
+---------+-----------+-----------+-----------+-----------+-----------+-----------+-----------+-----------+-----------+-----------+
| N\Times |     61    |     62    |     63    |     64    |     65    |     66    |     67    |     68    |     69    |     70    |
+---------+-----------+-----------+-----------+-----------+-----------+-----------+-----------+-----------+-----------+-----------+
|   10.0  |  89431.36 | 150473.58 |  46396.16 |  30504.64 | 215383.55 |  69114.48 |  51301.89 |  124640.1 |  94054.51 |  191556.1 |
|   20.0  |  29796.48 | 220832.94 | 103413.17 |  95730.86 | 204984.89 |  66915.3  | 153506.54 |  91185.27 |  98777.71 |  54342.99 |
|   30.0  |  91567.91 | 158066.06 |  86929.96 | 130006.33 | 172562.72 | 186420.24 | 184620.26 |  99213.86 | 114605.11 |  73578.39 |
|   40.0  |  66353.2  |  72890.16 |  47139.17 | 113902.17 |  96653.05 |  94613.97 | 118098.01 |  144717.6 |  59128.42 | 203237.59 |
|   50.0  | 173679.86 |  48939.15 |  87218.81 | 131863.64 |  64381.93 |  68455.97 | 136425.95 |  69535.08 |  37050.54 |  77753.86 |
|   60.0  |  148798.5 |  71338.46 |  53216.78 | 102259.83 | 139066.23 |  88833.73 | 182409.89 | 127548.57 |  65106.19 | 202392.68 |
|   70.0  | 155324.11 | 112596.38 |  63502.62 |  89060.11 |  151066.5 |  92989.67 |  89275.95 | 159019.03 |  68234.02 |  58009.28 |
|   80.0  | 119306.52 |  96218.85 |  92448.43 |  98897.03 | 130841.41 |  88394.68 | 207306.27 | 110349.07 |  102757.4 |  102953.7 |
|  100.0  |  151855.4 |  90442.22 | 118784.52 | 127677.51 | 120705.29 |  94783.26 |  91541.67 | 122930.63 | 104892.31 | 101646.68 |
|  200.0  | 133415.41 | 111419.26 |  92445.2  | 150286.22 | 103406.02 |  93873.86 | 139225.94 | 130406.07 | 133468.46 |  78257.59 |
|  500.0  | 137188.56 |  98882.98 | 117615.31 | 113258.33 | 111531.57 | 116771.31 | 121276.04 | 108554.68 |  92620.0  | 105681.59 |
+---------+-----------+-----------+-----------+-----------+-----------+-----------+-----------+-----------+-----------+-----------+
+---------+-----------+-----------+-----------+-----------+-----------+-----------+-----------+-----------+-----------+-----------+
| N\Times |     71    |     72    |     73    |     74    |     75    |     76    |     77    |     78    |     79    |     80    |
+---------+-----------+-----------+-----------+-----------+-----------+-----------+-----------+-----------+-----------+-----------+
|   10.0  | 358231.09 |  10397.82 | 128671.25 |  22958.74 |  11004.71 | 155176.86 |  308912.6 | 105149.34 | 289140.45 | 374315.04 |
|   20.0  | 174276.94 |  83933.11 |  49994.7  | 125095.13 |  64987.35 |  75702.29 |  57343.3  |  65526.31 | 124208.04 |  152819.1 |
|   30.0  | 140603.83 | 159257.63 |  63270.88 |  74573.3  |  79376.17 |  117100.3 |  85979.11 |  74037.86 | 224070.23 |  84270.9  |
|   40.0  | 125826.26 |  91835.24 |  44415.85 |  62418.28 | 178427.85 |  45983.25 | 148326.45 |  17635.45 | 108587.18 | 173800.81 |
|   50.0  | 150310.61 |  61548.26 |  98994.41 |  93963.39 | 123144.24 | 111105.52 |  74303.44 | 108019.52 | 179305.15 | 110605.52 |
|   60.0  | 158179.69 | 112371.46 | 151320.49 |  69598.75 | 102053.49 | 109718.74 |  77567.4  | 130344.54 |  97194.67 | 188841.04 |
|   70.0  | 126373.88 |  57571.43 | 105695.98 | 110200.79 | 194672.83 |  96951.58 | 108734.21 | 121956.42 |  87806.91 | 163483.94 |
|   80.0  |  151239.2 | 102417.45 |  119056.0 | 115013.63 | 137399.54 | 139720.28 |  92775.65 | 137548.12 | 197968.68 | 120522.93 |
|  100.0  |  73260.0  |  91380.2  |  90853.82 | 107489.62 |  96104.12 | 132812.04 |  78616.17 | 109264.48 | 124839.45 | 102212.26 |
|  200.0  | 125299.87 | 130627.59 |  83774.83 | 111484.14 | 117798.12 | 107677.17 | 127891.87 |  84460.02 |  95171.84 | 144109.61 |
|  500.0  | 129814.46 | 123585.72 | 133285.93 | 115649.26 | 119208.54 | 113749.35 |  87301.58 | 103433.82 | 143320.52 |  107656.4 |
+---------+-----------+-----------+-----------+-----------+-----------+-----------+-----------+-----------+-----------+-----------+
+---------+-----------+-----------+-----------+-----------+-----------+-----------+-----------+-----------+-----------+-----------+
| N\Times |     81    |     82    |     83    |     84    |     85    |     86    |     87    |     88    |     89    |     90    |
+---------+-----------+-----------+-----------+-----------+-----------+-----------+-----------+-----------+-----------+-----------+
|   10.0  | 193422.77 | 120152.43 | 225429.05 |  98302.96 |  3253.92  | 265748.04 |  83746.08 |  83369.15 | 108115.54 |  7732.33  |
|   20.0  |  85519.09 |  86202.64 |  76207.87 | 122113.34 | 144524.68 |  92914.09 |  36954.61 | 160566.55 |  70479.31 |  89516.47 |
|   30.0  | 145815.46 | 116936.43 |  80487.65 | 161174.92 |  34321.74 |  80885.47 |  31874.97 | 132915.95 |  159088.2 | 236426.73 |
|   40.0  |  67141.39 |  21348.6  | 128301.33 |  70861.05 | 197706.63 | 229752.41 |  95654.72 | 105905.26 | 108157.09 | 114779.85 |
|   50.0  |  57172.34 |  95628.64 |  85239.71 |  111811.4 | 110583.96 |  57729.67 |  81283.1  |  94246.42 |  91754.77 | 114230.74 |
|   60.0  |  55794.36 | 172843.43 | 162454.07 | 127854.09 |  42398.09 | 105752.51 |  57602.11 |  62172.63 |  134554.5 |  74425.96 |
|   70.0  |  98350.2  | 159293.59 | 152226.63 | 102075.56 | 144686.31 |  98492.08 |  98023.14 | 136967.02 | 150294.69 |  70536.86 |
|   80.0  | 146314.32 | 116767.31 |  123365.2 |  73608.09 |  81873.1  | 133249.31 | 132486.67 |  82037.3  | 139042.59 |  84707.93 |
|  100.0  |  86829.85 | 172277.28 |  48938.4  |  98918.5  |  76223.68 | 130037.85 |  133423.1 | 159658.06 | 138370.69 |  80417.06 |
|  200.0  |  93971.69 |  95395.62 | 132930.25 | 123807.31 | 108234.83 | 102078.36 |  82675.06 | 132139.92 | 103715.82 | 109063.09 |
|  500.0  | 128966.94 | 118336.45 | 136319.12 | 106351.69 | 110083.65 |  85055.66 | 104977.38 | 112393.98 | 115859.84 | 115744.15 |
+---------+-----------+-----------+-----------+-----------+-----------+-----------+-----------+-----------+-----------+-----------+
+---------+-----------+-----------+-----------+-----------+-----------+-----------+-----------+-----------+-----------+-----------+
| N\Times |     91    |     92    |     93    |     94    |     95    |     96    |     97    |     98    |     99    |    100    |
+---------+-----------+-----------+-----------+-----------+-----------+-----------+-----------+-----------+-----------+-----------+
|   10.0  | 157576.05 | 330179.43 |  39136.11 |  49373.77 |  6785.94  |  71154.21 | 117736.77 | 210546.07 |  61567.86 | 107417.05 |
|   20.0  |  79439.43 | 210308.86 |  35644.6  |  22783.95 | 120395.65 |  64862.44 | 101316.61 |  64692.09 |  86217.38 |  46691.38 |
|   30.0  |  71896.32 | 165734.76 |  170590.7 | 226472.43 | 139307.51 | 182937.35 | 104051.02 | 389484.45 | 210359.86 | 279383.45 |
|   40.0  |  70509.7  | 131080.45 | 193241.92 |  83438.07 |  41243.59 | 156376.33 |  91808.66 | 107442.43 |  84587.74 | 113084.87 |
|   50.0  |  54604.18 |  81324.54 | 124161.75 |  99409.28 | 103386.74 | 192038.58 | 101224.69 |  28288.46 | 188438.73 |  91280.36 |
|   60.0  | 197339.04 |  106507.6 | 142550.18 | 142033.11 | 188116.82 |  76996.44 | 156912.79 | 148364.45 |  61537.63 |  77856.08 |
|   70.0  | 122908.38 | 111360.69 | 101630.33 | 100371.86 |  94419.84 |  81172.25 | 164254.41 | 204470.47 | 121508.58 | 138566.41 |
|   80.0  | 130727.67 |  76229.69 | 127878.64 | 166556.34 | 188614.16 | 196646.08 | 159775.01 | 109368.06 | 157589.53 | 178644.96 |
|  100.0  |  73072.42 | 138063.67 | 177164.82 | 187004.11 |  83673.97 |  74111.03 |  39280.32 |  82166.64 | 113991.99 | 111790.67 |
|  200.0  | 102099.72 | 129588.06 | 180223.27 | 117724.85 |  88634.83 |  130403.5 |  94213.01 |  81430.32 | 116789.05 |  130074.7 |
|  500.0  |  90307.4  | 115634.75 | 113248.57 | 106183.35 |  126293.8 | 112835.88 | 124092.29 | 129629.06 | 104987.81 | 133283.43 |
+---------+-----------+-----------+-----------+-----------+-----------+-----------+-----------+-----------+-----------+-----------+
+---------+-----------+---------------+
| N\Times |    Mean   |    Variance   |
+---------+-----------+---------------+
|    10   | 111666.47 | 8723987897.22 |
|    20   | 103652.82 | 3453809652.13 |
|    30   | 117875.77 | 4120553019.05 |
|    40   | 110624.79 | 2487639287.33 |
|    50   | 105599.99 |  1246935771.0 |
|    60   | 116275.17 | 1571408606.17 |
|    70   | 111304.98 | 1214793844.67 |
|    80   | 121124.81 | 1218972642.96 |
|   100   | 111835.47 |  809211854.25 |
|   200   | 110641.66 |  428913397.16 |
|   500   | 113563.96 |  179154935.34 |
+---------+-----------+---------------+